5 132 50
Задача 4
16
10
17
Задача 29
1
17
12
Задача 19
13
18
26
Задача 18
5
19
39
Задача 33
22
28
49
Задача 12
21
29
34
Задача 6
12
32
27
Задача 25
10
35
7
Задача 38
20
41
49
Задача 3
5
42
17
Задача 35
20
44
44
Задача 0
6
45
27
Задача 17
26
45
10
Задача 20
17
47
42
Задача 24
6
53
15
Задача 22
9
53
43
Задача 1
30
59
16
Задача 41
19
61
28
Задача 43
16
62
25
Задача 16
1
63
50
Задача 2
28
65
23
Задача 39
24
67
27
Задача 26
14
67
6
Задача 13
11
69
47
Задача 42
4
71
6
Задача 48
2
75
36
Задача 44
1
79
18
Задача 47
10
81
37
Задача 14
8
85
26
Задача 34
6
86
19
Задача 27
15
87
28
Задача 7
10
92
6
Задача 45
15
95
32
Задача 36
26
98
5
Задача 10
13
99
24
Задача 46
8
105
19
Задача 21
1
109
16
Задача 8
26
111
22
Задача 31
10
112
50
Задача 9
6
116
14
Задача 15
11
117
33
Задача 37
6
121
45
Задача 28
21
126
40
Задача 32
18
130
26
Задача 40
3
138
15
Задача 5
8
138
40
Задача 23
27
142
36
Задача 11
25
142
34
Задача 30
9
144
24
